11503.0753799 1.03345200107
11503.7074326 1.07027256725
11504.3395201 1.0294938292
11504.9716422 0.938807338735
11505.6037992 0.92575668673
11506.2359908 0.974444426245
11506.8682172 1.00790012559
11507.5004784 1.03788085227
11508.1327742 1.08071308326
11508.7651049 1.06032510317
11509.3974702 0.94990927938
11510.0298703 0.889038198082
11510.6623052 0.915172600873
11511.2947748 0.948707151719
11511.9272791 0.967059262274
11512.5598182 0.969438308459
11513.1923921 0.962253501422
11513.8250007 0.96369275761
11514.4576441 0.975333154776
11515.0903222 0.984628116324
11515.7230351 0.944955822591
11516.3557828 0.817515150349
11516.9885652 0.730656759934
11517.6213824 0.78249101583
11518.2542344 0.876574606188
11518.8871211 0.932992079334
11519.5200426 0.958722759152
11520.1529989 0.979415046784
11520.78599 1.01902550135
11521.4190158 1.07842287009
11522.0520764 1.07412265449
11522.6851719 0.89051337254
11523.3183021 0.66973897681
11523.951467 0.659204065354
11524.5846668 0.790739921307
11525.2179014 0.900641620586
11525.8511707 0.952696157732
11526.4844749 0.97442919349
11527.1178138 0.983925505288
11527.7511876 0.987863769308
11528.3845961 0.994435692481
11529.0180395 1.00022325771
11529.6515177 0.998032892002
11530.2850306 0.999615083808
11530.9185784 1.0054233063
11531.552161 1.00675494292
11532.1857784 0.997583638182
11532.8194306 0.972989748059
11533.4531176 0.93766564835
11534.0868394 0.914494005105
11534.7205961 0.94079975866
11535.3543876 0.999131554847
11535.9882139 0.997878124633
11536.622075 0.913413789803
11537.255971 0.904580311929
11537.8899018 0.991414511952
11538.5238674 1.03555171289
11539.1578679 1.0421649144
11539.7919032 1.05191905454
11540.4259733 1.00429635094
11541.0600783 0.912378411317
11541.6942181 0.90632143702
11542.3283927 0.958891336319
11542.9626022 0.987456777991
11543.5968465 0.999052047
11544.2311257 1.01821678219
11544.8654398 1.0398753498
11545.4997887 1.01910012977
11546.1341724 0.944390196263
11546.768591 0.90818238806
11547.4030445 0.941751616927
11548.0375328 0.982291359123
11548.672056 1.01282977438
11549.306614 1.02789889351
11549.941207 0.992663406416
11550.5758347 0.932699582042
11551.2104974 0.933575722149
11551.8451949 0.991171603585
11552.4799273 1.0529789002
11553.1146946 1.04832725572
11553.7494967 0.924853161403
11554.3843338 0.824539693845
11555.0192057 0.867729245941
11555.6541125 0.94397986463
11556.2890541 0.978286383735
11556.9240307 0.991106709363
11557.5590422 0.998338745244
11558.1940885 1.00366113875
11558.8291697 1.01128915373
11559.4642859 1.03201201858
11560.0994369 1.06684253914
11560.7346228 1.05898522444
11561.3698437 0.985250428167
11562.0050994 0.960464159401
11562.64039 0.997830941223
11563.2757156 1.01687175971
11563.911076 1.0158338291
11564.5464714 0.999569432297
11565.1819016 0.981955358566
11565.8173668 0.987421910625
11566.4528669 1.01293967716
11567.0884019 1.04852532585
11567.7239719 1.05120703103
11568.3595767 0.99220450669
11568.9952165 0.959775881199
11569.6308912 0.991761589878
11570.2666008 1.00306348621
11570.9023454 0.974010273701
11571.5381249 0.968573722927
11572.1739393 0.995122621454
11572.8097887 1.02621429936
11573.445673 1.05191763736
11574.0815922 1.01630886269
11574.7175464 0.915613604278
11575.3535355 0.869113516386
11575.9895596 0.90301930596
11576.6256186 0.95825789252
11577.2617125 0.988818660405
11577.8978414 1.00001012029
11578.5340053 1.01112215268
11579.1702041 1.01639448549
11579.8064379 1.00699549068
11580.4427066 0.986960562342
11581.0790103 0.96109761617
11581.715349 0.959755030617
11582.3517226 0.983151048656
11582.9881312 0.998251404997
11583.6245747 1.00243826643
11584.2610532 1.00760451795
11584.8975667 1.00490281283
11585.5341152 0.945104262227
11586.1706986 0.87283893069
11586.807317 0.895699548502
11587.4439704 0.944272177552
11588.0806588 0.963313218275
11588.7173821 0.979190159441
11589.3541405 0.994286735174
11589.9909338 1.00179626426
11590.6277621 0.997928366075
11591.2646254 0.987960228565
11591.9015237 0.981654801119
11592.538457 0.963862323614
11593.1754253 0.906987137796
11593.8124286 0.861671144855
11594.4494669 0.891343765693
11595.0865402 0.952896097629
11595.7236485 0.988022561181
11596.3607918 0.98887593344
11596.9979701 0.968663341844
11597.6351834 0.968583531247
11598.2724317 1.02279959757
11598.9097151 1.07053075637
11599.5470334 1.02018922837
11600.1843868 0.917642285232
11600.8217752 0.900317385686
11601.4591986 0.953944585974
11602.0966571 1.00247629292
11602.7341505 1.02801368496
11603.371679 1.0108144233
11604.0092425 0.965807440978
11604.6468411 0.950469026951
11605.2844747 0.961005763108
11605.9221433 0.954940375675
11606.559847 0.910664579087
11607.1975857 0.849914645963
11607.8353594 0.827569488515
11608.4731682 0.853578638541
11609.111012 0.8951602456
11609.7488909 0.91300730957
11610.3868048 0.889981336552
11611.0247538 0.883983868135
11611.6627378 0.931895365921
11612.3007569 0.981047449467
11612.938811 0.992261759357
11613.5769002 0.990733743846
11614.2150244 1.00029434885
11614.8531837 1.01000036754
11615.4913781 1.00878453561
11616.1296075 1.00063809864
11616.7678721 0.993595153235
11617.4061716 0.993306233789
11618.0445063 1.00447938776
11618.682876 1.00863819121
11619.3212808 0.9742483786
11619.9597207 0.949104196885
11620.5981956 0.966622906786
11621.2367057 0.983039201116
11621.8752508 0.998250751169
11622.513831 1.01400372439
11623.1524463 1.01765731377
11623.7910966 1.0118014315
11624.4297821 1.00450819474
11625.0685027 1.00425280328
11625.7072583 1.008605751
11626.3460491 1.01169883268
11626.9848749 1.01312255906
11627.6237359 1.01448789166
11628.2626319 1.01526603433
11628.9015631 1.01271594312
11629.5405293 1.00694292444
11630.1795307 1.00818561725
11630.8185672 1.02003094125
11631.4576388 1.01837179654
11632.0967455 0.995088113725
11632.7358873 0.99330430897
11633.3750643 1.01951373236
11634.0142763 1.01305289338
11634.6535235 0.975436587331
11635.2928058 0.972036243552
11635.9321232 0.991687301519
11636.5714758 0.982996964662
11637.2108635 0.926366203117
11637.8502863 0.859289607724
11638.4897443 0.849127231674
11639.1292373 0.89828802579
11639.7687656 0.950915813794
11640.4083289 0.979927444789
11641.0479274 0.991362334697
11641.6875611 0.993885010798
11642.3272299 0.998803856026
11642.9669338 1.00632021452
11643.6066729 1.01195942803
11644.2464471 1.01599804243
11644.8862565 1.01467477776
11645.5261011 1.00208457629
11646.1659808 0.986903869596
11646.8058956 0.984328808262
11647.4458456 0.986402716975
11648.0858308 0.981510871384
11648.7258512 0.978510615167
11649.3659067 0.989072709943
11650.0059973 1.00054978716
11650.6461232 0.9987669796
11651.2862842 0.992300981785
11651.9264804 0.997284546535
11652.5667118 1.01178894063
11653.2069783 1.01316309902
11653.84728 0.988966832914
11654.4876169 0.955694824254
11655.127989 0.948201561665
11655.7683963 0.968455107613
11656.4088388 0.981028951105
11657.0493164 0.985968101534
11657.6898293 0.995063689241
11658.3303773 1.0012649588
11658.9709605 1.00523850112
11659.611579 1.00892023116
11660.2522326 1.00749168256
11660.8929214 1.00249585179
11661.5336454 1.00289370573
11662.1744047 1.01635056123
11662.8151991 1.02713892079
11663.4560288 1.0031933694
11664.0968936 0.972156374258
11664.7377937 0.979736182884
11665.378729 1.00218563589
11666.0196995 1.01295478479
11666.6607052 1.01285954183
11667.3017462 1.00449778443
11667.9428223 0.983360502144
11668.5839337 0.975449729638
11669.2250803 0.991723652512
11669.8662622 1.00239764725
11670.5074792 1.002086939
11671.1487315 1.00386176191
11671.7900191 1.01165541672
11672.4313418 1.0179443611
11673.0726998 1.00789130416
11673.7140931 0.985185595136
11674.3555216 0.978701432838
11674.9969853 0.987579449652
11675.6384843 0.993972900525
11676.2800185 0.999903818488
11676.921588 1.00672537075
11677.5631927 1.0085238255
11678.2048327 1.01088005397
11678.8465079 1.01552642058
11679.4882184 1.01475260452
11680.1299642 1.00588781088
11680.7717452 0.994954641537
11681.4135615 0.989370749517
11682.055413 0.991322345413
11682.6972998 0.994830714065
11683.3392219 0.996762308056
11683.9811792 0.996911205273
11684.6231718 0.996203850685
11685.2651997 0.995716500459
11685.9072629 0.998543940449
11686.5493613 1.00395333689
11687.1914951 1.00296453424
11687.8336641 0.987215395413
11688.4758684 0.940486467143
11689.1181079 0.84814552618
11689.7603828 0.75975751532
11690.402693 0.761751557797
11691.0450384 0.847152640694
11691.6874191 0.92709918256
11692.3298352 0.968248387563
11692.9722865 0.986927801331
11693.6147731 0.996802326795
11694.2572951 1.0046672285
11694.8998523 1.00955714993
11695.5424449 1.00585698037
11696.1850727 0.995490384767
11696.8277359 0.98938406333
11697.4704343 0.992197186169
11698.1131681 0.999931313587
11698.7559372 1.00502122447
11699.3987416 1.00028268137
11700.0415814 0.992014058391
11700.6844564 0.988712934031
11701.3273668 0.99087182647
11701.9703125 0.995559893794
11702.6132935 1.00241323359
11703.2563099 1.00997140555
11703.8993616 1.01371282243
11704.5424486 1.0118799827
11705.185571 1.0116373065
11705.8287286 1.01314642487
11706.4719217 1.00286441346
11707.11515 0.985298922137
11707.7584138 0.985095191289
11708.4017128 0.996623907108
11709.0450472 1.00043884208
11709.688417 0.99938137039
11710.3318221 1.00009333477
11710.9752625 1.00181326177
11711.6187383 1.00361222399
11712.2622495 1.0046673034
11712.905796 1.00616921865
11713.5493779 1.00905126651
11714.1929951 1.00930478232
11714.8366477 1.0003026054
11715.4803357 0.984887430903
11716.1240591 0.96789126803
11716.7678178 0.957201031111
11717.4116118 0.964098616872
11718.0554413 0.989700979603
11718.6993061 1.00959703755
11719.3432063 0.994757209153
11719.9871419 0.970585995897
11720.6311129 0.975726770902
11721.2751192 0.99190538701
11721.919161 0.995262614612
11722.5632381 0.991105497551
11723.2073506 0.992035656639
11723.8514985 0.999817865037
11724.4956818 1.00394482381
11725.1399005 1.00091237581
11725.7841545 1.00352454304
11726.428444 1.01765340187
11727.0727689 1.03066484684
11727.7171292 1.03520253741
11728.3615249 1.03599116347
11729.005956 1.02480124857
11729.6504225 1.0103477794
11730.2949244 1.00774417975
11730.9394617 1.01050356057
11731.5840345 1.0076418805
11732.2286426 0.995280958678
11732.8732862 0.985634196069
11733.5179652 0.995495848329
11734.1626796 1.01325107255
11734.8074295 1.00511927341
11735.4522147 0.972417949431
11736.0970354 0.951832496767
11736.7418915 0.956514518858
11737.3867831 0.974592393901
11738.0317101 0.976977078762
11738.6766725 0.960944274409
11739.3216704 0.952170450436
11739.9667037 0.957984163081
11740.6117724 0.974252265204
11741.2568766 0.990193238502
11741.9020162 1.0007137194
11742.5471913 1.00717349116
11743.1924018 1.01042144111
11743.8376478 1.00829569646
11744.4829293 1.00178958278
11745.1282461 0.996522816419
11745.7735985 0.996038293385
11746.4189863 1.00158246298
11747.0644096 1.00954653426
11747.7098683 1.01754816614
11748.3553625 1.019655542
11749.0008921 1.00945048355
11749.6464573 0.992988066521
11750.2920579 0.984755459418
11750.9376939 0.978140042971
11751.5833655 0.971155190083
11752.2290725 0.979942252982
11752.874815 1.00060496025
11753.520593 1.01544658941
11754.1664064 1.01822889451
11754.8122554 1.01394311475
11755.4581398 1.01369364855
11756.1040597 1.02931665861
11756.7500151 1.04703952148
11757.3960061 1.03811764481
11758.0420324 1.01675319087
11758.6880943 1.00249057826
11759.3341917 0.990766308796
11759.9803246 0.984935477758
11760.626493 0.988806078921
11761.2726969 0.995997740942
11761.9189363 1.00135064008
11762.5652112 1.00187033987
11763.2115216 0.999486077878
11763.8578676 1.00219583144
11764.504249 1.00574800737
11765.150666 1.00357872652
11765.7971185 0.996272100751
11766.4436065 0.985630695222
11767.09013 0.971679320465
11767.736689 0.954189507259
11768.3832836 0.928051805554
11769.0299137 0.888399956582
11769.6765793 0.86318201096
11770.3232805 0.876297999529
11770.9700171 0.896404537269
11771.6167894 0.874415832828
11772.2635971 0.805195063324
11772.9104404 0.758136645594
11773.5573193 0.78958410757
11774.2042336 0.867375769818
11774.8511836 0.931532025374
11775.498169 0.963611016424
11776.1451901 0.979037037812
11776.7922466 0.987100070727
11777.4393388 0.991783254947
11778.0864664 0.996377054276
11778.7336297 1.00261795517
11779.3808285 0.994510801919
11780.0280628 0.940590949229
11780.6753327 0.877715845148
11781.3226382 0.867192254545
11781.9699793 0.871538728457
11782.6173559 0.854049606228
11783.2647681 0.852641361897
11783.9122158 0.893508632625
11784.5596992 0.946647285408
11785.2072181 0.979550895877
11785.8547725 0.99068542326
11786.5023626 0.994896587921
11787.1499883 0.998224623341
11787.7976495 0.999330836305
11788.4453463 0.998476055361
11789.0930787 0.99811661337
11789.7408467 1.00118602662
11790.3886503 1.0047866929
11791.0364895 0.998401156094
11791.6843643 0.97516767531
11792.3322746 0.947797505887
11792.9802206 0.939205380751
11793.6282022 0.946672436722
11794.2762193 0.956788700002
11794.9242721 0.96661317817
11795.5723605 0.972888889853
11796.2204845 0.971266476004
11796.8686441 0.971773883943
11797.5168394 0.982231495151
11798.1650702 0.991711332119
11798.8133366 0.99241104865
11799.4616387 0.99190355215
11800.1099764 0.997080402675
11800.7583497 1.00141821311
11801.4067587 1.00195720411
11802.0552033 1.00196199369
11802.7036835 1.00336817334
11803.3521993 1.00536629349
11804.0007507 1.00466140823
11804.6493378 0.997733696323
11805.2979606 0.986555421824
11805.9466189 0.981783524099
11806.595313 0.988620269268
11807.2440426 0.996991435293
11807.8928079 1.00272875663
11808.5416089 1.007410939
11809.1904455 1.00097147913
11809.8393177 0.984708172942
11810.4882256 0.983028429055
11811.1371692 0.989610384647
11811.7861484 0.987088608006
11812.4351632 0.988206106372
11813.0842138 1.00561536921
11813.7332999 1.00756893673
11814.3824218 0.943914992625
11815.0315793 0.868340853396
11815.6807725 0.883924521264
11816.3300014 0.959518402605
11816.9792659 1.00649919766
11817.6285661 0.991448727134
11818.277902 0.959410170352
11818.9272735 0.968643031481
11819.5766808 0.989752645651
11820.2261237 0.991709850664
11820.8756023 0.989319123015
11821.5251166 0.986735147372
11822.1746665 0.978973689254
11822.8242522 0.968794867793
11823.4738736 0.962091912411
11824.1235306 0.961147812877
11824.7732234 0.958127493218
11825.4229518 0.94635791335
11826.0727159 0.924586721779
11826.7225158 0.884544198382
11827.3723513 0.822670342339
11828.0222226 0.772804602135
11828.6721295 0.782142173888
11829.3220722 0.839332622864
11829.9720506 0.895931165909
11830.6220647 0.933558462131
11831.2721145 0.957574970483
11831.9222 0.966920291261
11832.5723213 0.965059077303
11833.2224782 0.969272167786
11833.8726709 0.98064150272
11834.5228993 0.982592488061
11835.1731635 0.977680287348
11835.8234633 0.981192313973
11836.4737989 0.985096629602
11837.1241703 0.98505260366
11837.7745773 0.99151750428
11838.4250201 1.00094148493
11839.0754987 0.991094859819
11839.7260129 0.972730818014
11840.376563 0.994892661997
11841.0271487 1.03271491628
11841.6777703 1.03669051908
11842.3284275 1.01992004953
11842.9791205 1.00422727963
11843.6298493 0.991990176282
11844.2806138 0.985719133894
11844.9314141 0.989145450765
11845.5822501 0.994604618619
11846.2331219 0.988043821673
11846.8840295 0.968928603475
11847.5349728 0.964138264467
11848.1859519 0.977298608654
11848.8369667 0.986118239831
11849.4880174 0.990049993487
11850.1391038 0.994610800312
11850.7902259 0.996821515006
11851.4413839 1.00160782543
11852.0925776 1.01723476491
11852.7438071 1.02404525529
11853.3950724 1.01623060991
11854.0463735 1.02147707119
11854.6977103 1.03668287429
11855.349083 1.04134874778
11856.0004914 1.03837934215
11856.6519356 1.03773489264
11857.3034157 1.03194058322
11857.9549315 1.02098108466
11858.6064831 1.02855290582
11859.2580705 1.04646808344
11859.9096937 1.04552099575
11860.5613527 1.02485512584
11861.2130476 0.997617386439
11861.8647782 0.984523025996
11862.5165446 0.987662728287
11863.1683469 0.980659591696
11863.8201849 0.964179330935
11864.4720588 0.956379003861
11865.1239685 0.955779760642
11865.775914 0.965293079274
11866.4278954 0.983760741187
11867.0799125 0.994159161235
11867.7319655 0.991313742119
11868.3840543 0.975337049081
11869.036179 0.966836268882
11869.6883394 0.97670539657
11870.3405357 0.985012582295
11870.9927679 0.993521459876
11871.6450359 1.01251203357
11872.2973397 1.00560827214
11872.9496793 0.967057208699
11873.6020548 0.948336127732
11874.2544662 0.962301810107
11874.9069134 0.98420709751
11875.5593964 0.99588317498
11876.2119153 1.00152706702
11876.8644701 1.02754118763
11877.5170607 1.0481586803
11878.1696871 1.03160777308
11878.8223494 1.02348058957
11879.4750476 1.02723879984
11880.1277816 1.0097602016
11880.7805515 0.969234218109
11881.4333573 0.910673887339
11882.0861989 0.835233091081
11882.7390764 0.763669971616
11883.3919898 0.72541186443
11884.0449391 0.741939532718
11884.6979242 0.813410241463
11885.3509452 0.899919421243
11886.0040021 0.962706155915
11886.6570949 1.00413483702
11887.3102235 1.01724320235
11887.9633881 0.987779354683
11888.6165885 0.952486791582
11889.2698248 0.944900889253
11889.923097 0.954251657214
11890.5764051 0.962143300243
11891.2297491 0.954903448331
11891.883129 0.939303470368
11892.5365448 0.927024434207
11893.1899965 0.929203896247
11893.8434841 0.957249312537
11894.4970077 0.993833189943
11895.1505671 1.0191144147
11895.8041624 1.02425382056
11896.4577936 1.01515102849
11897.1114608 1.01238536265
11897.7651639 1.02526006528
11898.4189029 1.03227613858
11899.0726778 1.01224381835
11899.7264886 0.992233684955
11900.3803353 0.992342717546
11901.034218 0.998614793515
11901.6881366 1.00176531194
11902.3420912 0.99959879651
11902.9960816 0.998118261677
11903.650108 0.994603690271
11904.3041704 0.975533430559
11904.9582687 0.962168372247
11905.6124029 0.969741744211
11906.266573 0.980015408911
11906.9207791 0.985869753019
11907.5750212 0.989306664515
11908.2292992 0.993913820325
11908.8836131 0.995947849073
11909.537963 0.993034238932
11910.1923488 0.993763240435
11910.8467706 0.996904703756
11911.5012284 0.996242715336
11912.1557221 0.99582468575
11912.8102518 1.0034698623
11913.4648174 1.01403615249
11914.119419 1.01059228764
11914.7740566 0.996491394438
11915.4287302 0.995589072312
11916.0834397 1.00645187006
11916.7381852 1.01209111668
11917.3929666 1.01077382149
11918.0477841 1.01022144542
11918.7026375 1.01076589793
11919.3575269 1.00991033024
11920.0124523 1.00926360402
11920.6674136 1.00923892522
11921.322411 1.00733314049
11921.9774443 1.00354791607
11922.6325136 1.00000651251
11923.287619 0.997789647783
11923.9427603 0.99505327428
11924.5979376 0.992441869334
11925.2531509 0.993345930552
11925.9084002 0.994423025931
11926.5636856 0.992046330062
11927.2190069 0.991035279072
11927.8743642 0.994152951979
11928.5297576 0.998662659108
11929.1851869 1.00924936383
11929.8406523 1.01853524843
11930.4961537 1.0076274157
11931.151691 0.993081481345
11931.8072645 1.00024578866
11932.4628739 1.0174807246
11933.1185194 1.02151340894
11933.7742008 1.01887546306
11934.4299183 1.01977335364
11935.0856719 1.02044164451
11935.7414614 1.026333626
11936.397287 1.02577514933
11937.0531487 1.00875147464
11937.7090463 0.994364840446
11938.36498 0.991277472644
11939.0209498 0.993469346914
11939.6769556 0.996767185821
11940.3329974 1.00064524137
11940.9890753 1.00395366253
11941.6451892 1.00453436141
11942.3013392 1.0112703415
11942.9575252 1.02699329101
11943.6137473 1.03575592218
11944.2700055 1.0279770957
11944.9262997 1.01367882218
11945.5826299 1.0014044115
11946.2389962 0.976087599325
11946.8953986 0.938799791922
11947.5518371 0.923846400057
11948.2083116 0.934279314743
11948.8648222 0.932354884731
11949.5213689 0.922976763372
11950.1779516 0.943202149074
11950.8345704 0.977573943792
11951.4912253 0.992062435964
11952.1479163 0.989496544801
11952.8046433 0.985771208453
11953.4614064 0.995140126111
11954.1182057 1.01086151767
11954.775041 1.00694372142
11955.4319124 0.982196374741
11956.0888199 0.967782263061
11956.7457635 0.974778551273
11957.4027431 0.985845583373
11958.0597589 0.996079241935
11958.7168108 1.00250104952
11959.3738988 0.995033689696
11960.0310229 0.985251979201
11960.688183 0.985073835522
11961.3453793 0.985256743607
11962.0026117 0.986660902665
11962.6598803 0.99354797886
11963.3171849 1.00180325834
11963.9745256 1.00748288952
11964.6319025 1.00989360725
11965.2893155 1.00719875208
11965.9467646 1.00134482364
11966.6042498 1.00037524741
11967.2617712 1.00596777012
11967.9193287 1.01057845903
11968.5769223 1.00897588321
11969.234552 1.00415285584
11969.8922179 0.995598549627
11970.5499199 0.979604680527
11971.2076581 0.939639826122
11971.8654324 0.847070387662
11972.5232428 0.731028072608
11973.1810894 0.68272846122
11973.8389721 0.73179013728
11974.496891 0.830243550281
11975.154846 0.914981747935
11975.8128371 0.95678391397
11976.4708645 0.969700903169
11977.1289279 0.978149491635
11977.7870276 0.989700323808
11978.4451634 1.00099047783
11979.1033353 1.01421860934
11979.7615434 1.0289837008
11980.4197877 1.02436617738
11981.0780682 0.998875393003
11981.7363848 0.981912830545
11982.3947376 0.976392563432
11983.0531266 0.95894371576
11983.7115517 0.919218997005
11984.370013 0.899011026884
11985.0285105 0.933031593845
11985.6870442 0.974769709596
11986.345614 0.993152786958
11987.0042201 0.992329281208
11987.6628623 0.977588866911
11988.3215407 0.967776650983
11988.9802554 0.966195872765
11989.6390062 0.963467885025
11990.2977932 0.948958429574
11990.9566164 0.921882999686
11991.6154758 0.91175088513
11992.2743714 0.937121678191
11992.9333032 0.964688403534
11993.5922712 0.973393853881
11994.2512754 0.978404928632
11994.9103158 0.984949454946
11995.5693924 0.988330834238
11996.2285053 0.982340659247
11996.8876544 0.960079515454
11997.5468396 0.946424714086
11998.2060611 0.976485630282
11998.8653189 1.00939324015
11999.5246128 1.00339975149
12000.183943 0.98477767654
12000.8433094 0.977843563969
12001.502712 0.981138310775
12002.1621508 0.987289346803
12002.8216259 0.99517206786
12003.4811372 1.00286889202
12004.1406848 0.994388904732
12004.8002686 0.974991770951
12005.4598886 0.97616314907
12006.1195449 0.993133186933
12006.7792374 1.00253579194
12007.4389662 1.00340533961
12008.0987312 1.00283856466
12008.7585325 0.995383554387
12009.41837 0.977424655963
12010.0782438 0.965946144406
12010.7381538 0.973260554523
12011.3981001 0.991630873836
12012.0580827 1.006199307
12012.7181015 1.01190224556
12013.3781566 1.00577913406
12014.038248 0.987986980461
12014.6983756 0.98627074651
12015.3585395 1.00799486884
12016.0187396 1.01737862751
12016.6789761 1.00949825773
12017.3392488 1.00542268357
12017.9995578 1.00613707951
12018.659903 1.00624079258
12019.3202846 1.00037992339
12019.9807024 0.990602639841
12020.6411566 0.988571750731
12021.301647 0.993581731828
12021.9621737 0.99557542291
12022.6227367 0.994403987548
12023.283336 0.999407112941
12023.9439716 1.00773933787
12024.6046435 1.00701371384
12025.2653517 0.987119448939
12025.9260961 0.951574732299
12026.5868769 0.923736027248
12027.2476941 0.919936410603
12027.9085475 0.936759426888
12028.5694372 0.958731336335
12029.2303632 0.969267838539
12029.8913256 0.968829060926
12030.5523242 0.957990800296
12031.2133592 0.935697884717
12031.8744305 0.938766576061
12032.5355382 0.960760446458
12033.1966821 0.936151478708
12033.8578624 0.900106593987
12034.519079 0.929935957482
12035.1803319 0.978164425161
12035.8416212 0.992223952596
12036.5029468 0.993204725444
12037.1643088 0.99831976359
12037.8257071 0.99911248944
12038.4871417 0.987147968599
12039.1486126 0.959493293597
12039.81012 0.934231962483
12040.4716636 0.937631047419
12041.1332436 0.972948681569
12041.79486 1.01345912287
12042.4565127 1.03216657235
12043.1182017 1.02725954249
12043.7799272 1.01197723126
12044.4416889 1.00157551828
12045.1034871 0.993778265616
12045.7653216 0.96818195794
12046.4271924 0.932706277321
12047.0890997 0.933488309572
12047.7510433 0.969173046548
12048.4130232 0.996043059608
12049.0750396 1.0060131466
12049.7370923 1.00837443105
12050.3991814 1.00632898726
12051.0613069 1.00359642005
12051.7234687 0.999863305854
12052.385667 0.990549746641
12053.0479016 0.983900945254
12053.7101726 0.990336734461
12054.37248 1.00257698811
12055.0348238 1.01107216664
12055.6972039 1.01554086771
12056.3596205 1.01708602681
12057.0220735 1.01491334995
12057.6845629 1.00831653472
12058.3470886 1.00151569045
12059.0096508 1.00047341645
12059.6722494 1.00523346953
12060.3348844 1.00494581171
12060.9975557 0.997068963549
12061.6602635 0.996785482741
12062.3230078 1.00209680935
12062.9857884 1.00196292686
12063.6486054 1.00067774811
12064.3114589 1.00399934466
12064.9743488 1.00782669985
12065.6372751 0.999985921504
12066.3002378 0.985984286717
12066.963237 0.989415653586
12067.6262726 1.00009397828
12068.2893446 1.00123505794
12068.952453 1.00111657559
12069.6155979 0.998846986995
12070.2787792 0.987116778633
12070.941997 0.98100602068
12071.6052512 0.991000091316
12072.2685418 1.00232625446
12072.9318689 1.0057230215
12073.5952324 1.00421534826
12074.2586324 1.00344509333
12074.9220689 1.00714720018
12075.5855417 1.01785981339
12076.2490511 1.02920179559
12076.9125969 1.01716396697
12077.5761791 0.988744529197
12078.2397978 0.98147398588
12078.903453 0.990488087008
12079.5671447 0.994019172909
12080.2308728 0.993214157751
12080.8946373 0.986819770183
12081.5584384 0.9723410935
12082.2222759 0.95057871338
12082.8861499 0.917262923511
12083.5500604 0.892959693364
12084.2140073 0.910752553656
12084.8779908 0.962048407533
12085.5420107 1.00768095492
12086.2060671 1.02085190873
12086.87016 0.999270385977
12087.5342893 0.974172295847
12088.1984552 0.970908199427
12088.8626575 0.98417196111
12089.5268964 1.00826423808
12090.1911717 1.02730465439
12090.8554836 1.02219350982
12091.5198319 1.00808338506
12092.1842168 1.00010570611
12092.8486381 1.00017587025
12093.513096 1.00585917936
12094.1775904 1.0095940292
12094.8421212 0.998880102088
12095.5066886 0.978668871905
12096.1712925 0.977050974017
12096.835933 0.998037217015
12097.5006099 1.01330934091
12098.1653234 1.01384946177
12098.8300734 1.00711832587
12099.4948599 0.994899692922
12100.1596829 0.973432428355
12100.8245425 0.950990139008
12101.4894386 0.94436113924
12102.1543712 0.952996526032
12102.8193404 0.952275204653
12103.4843461 0.939209831286
12104.1493883 0.940645327625
12104.8144671 0.950726125356
12105.4795824 0.953185991577
12106.1447343 0.958088377697
12106.8099227 0.973461315247
12107.4751477 0.989921649314
12108.1404092 0.997609662749
12108.8057072 0.982879995356
12109.4710419 0.948377581644
12110.136413 0.942118686583
12110.8018208 0.970091471694
12111.4672651 0.993569728327
12112.1327459 1.00043406366
12112.7982634 0.997571440503
12113.4638174 0.993245736414
12114.1294079 0.989506436082
12114.7950351 0.986612122256
12115.4606988 0.991569883854
12116.1263991 1.00677211975
12116.7921359 1.01887954161
12117.4579093 1.02261035713
12118.1237194 1.02091386365
12118.789566 1.00212213204
12119.4554492 0.978193990849
12120.1213689 0.988061125712
12120.7873253 1.01189684901
12121.4533182 1.01711420559
12122.1193478 1.01186203768
12122.7854139 1.0081617979
12123.4515167 1.0087447602
12124.117656 1.01058262784
12124.7838319 1.00894480703
12125.4500445 1.00234552804
12126.1162936 0.996002924008
12126.7825794 0.995019670699
12127.4489017 0.995470398406
12128.1152607 0.994243294844
12128.7816563 0.994475900488
12129.4480885 0.994285595963
12130.1145573 0.988711188232
12130.7810628 0.982521050717
12131.4476048 0.982181143256
12132.1141835 0.987046009125
12132.7807988 0.992401042124
12133.4474508 0.995467341995
12134.1141393 0.996884801176
12134.7808645 0.998127945081
12135.4476263 1.00411704664
12136.1144248 1.00933232579
12136.7812599 1.00761223658
12137.4481317 1.00841430269
12138.11504 1.01114025765
12138.7819851 1.0094486507
12139.4489667 1.00511596819
12140.115985 1.00187457268
12140.78304 1.00558866736
12141.4501316 1.01048534232
12142.1172599 1.01264145168
12142.7844248 1.01617391879
12143.4516264 1.01631202568
12144.1188647 1.009675951
12144.7861396 1.00076720544
12145.4534511 0.999019175921
12146.1207994 1.00451007213
12146.7881843 1.01415444051
12147.4556058 1.02407465717
12148.1230641 1.02777566361
12148.790559 1.02953423612
12149.4580906 1.02590803585
12150.1256589 1.01404891756
12150.7932638 1.00720428239
12151.4609055 1.00677398461
12152.1285838 1.00315835799
12152.7962988 1.00027451624
12153.4640505 1.00604581531
12154.1318388 1.01514184094
12154.7996639 1.01688339875
12155.4675257 1.01260715722
12156.1354241 1.0067012762
12156.8033593 1.00136704077
12157.4713311 0.99826290067
12158.1393397 0.995871994063
12158.807385 0.996834632316
12159.4754669 1.0017086229
12160.1435856 1.00624563878
12160.811741 1.00615985571
12161.4799331 1.00208211527
12162.1481619 1.00065820944
12162.8164274 1.00556965299
12163.4847297 1.00782026905
12164.1530686 0.998164028777
12164.8214443 0.987699534898
12165.4898567 0.990243881071
12166.1583059 0.997263315171
12166.8267917 0.995313057216
12167.4953143 0.987464568922
12168.1638736 0.986279961137
12168.8324697 0.991015166504
12169.5011025 0.996060679864
12170.169772 1.00037462385
12170.8384783 1.00069821858
12171.5072213 0.997022068766
12172.1760011 0.995686451376
12172.8448176 0.997942504468
12173.5136709 0.99959528074
12174.1825609 1.00002298649
12174.8514876 0.999305143609
12175.5204511 0.99904849721
12176.1894514 1.00709135845
12176.8584884 1.01196122248
12177.5275622 1.00486464714
12178.1966728 1.00073714715
12178.8658201 1.00137586609
12179.5350041 0.997759448559
12180.204225 0.993276312956
12180.8734826 0.998170256577
12181.542777 1.00525514193
12182.2121082 1.00728796926
12182.8814761 1.00609570281
12183.5508808 1.00617935162
12184.2203223 1.00798415968
12184.8898006 1.00339047609
12185.5593157 0.998132023714
12186.2288675 0.998120426241
12186.8984562 0.996961812351
12187.5680816 0.996852214765
12188.2377438 0.999160926113
12188.9074429 0.994743735271
12189.5771787 0.98163566754
12190.2469513 0.974410849067
12190.9167607 0.981427446916
12191.5866069 0.9946481656
12192.2564899 1.00431725391
12192.9264098 1.00704728055
12193.5963664 1.00735828321
12194.2663599 1.00615182829
12194.9363901 1.00091073645
12195.6064572 0.995384132385
12196.2765611 0.990346893174
21705.8642017 0.998269057936
21707.0568479 0.996312861905
21708.2495598 0.990831967772
21709.4423371 0.988788067685
21710.63518 0.993234591809
21711.8280884 0.999405849381
21713.0210624 0.99954234715
21714.2141019 0.996766279615
21715.407207 0.997529313687
21716.6003776 0.997966222672
21717.7936138 0.997257549797
21718.9869155 0.999448582076
21720.1802828 0.999326177639
21721.3737157 0.996220622728
21722.5672142 0.995519705974
21723.7607782 0.99899312873
21724.9544078 1.00129565845
21726.148103 1.00079739545
21727.3418638 1.00119872893
21728.5356902 1.00200237498
21729.7295821 1.00123999456
21730.9235397 0.999779178497
21732.1175629 1.00086177385
21733.3116517 1.00473593599
21734.505806 1.00532822579
21735.700026 0.99778697319
21736.8943117 0.995797696827
21738.0886629 1.01054970837
21739.2830798 1.02458102183
21740.4775622 1.02818393582
21741.6721104 1.02572464413
21742.8667241 1.0187920622
21744.0614035 1.01375951489
21745.2561485 1.01225718965
21746.4509592 1.01087166846
21747.6458355 1.00907827839
21748.8407775 1.0060225141
21750.0357851 1.00158373026
21751.2308584 0.997742649475
21752.4259974 0.997649908987
21753.621202 1.00060453529
21754.8164723 1.00294933826
21756.0118083 1.00562299004
21757.2072099 1.00471773631
21758.4026773 1.00146143819
21759.5982103 1.00332250591
21760.793809 1.00712940141
21761.9894734 1.00462945865
21763.1852035 0.998567039988
21764.3809992 0.998358965426
21765.5768607 1.00183076995
21766.7727879 1.00113584794
21767.9687808 1.00042067834
21769.1648395 1.00382649266
21770.3609638 1.0057715355
21771.5571539 1.00504918944
21772.7534097 1.00400254474
21773.9497312 1.00143225526
21775.1461184 0.998200231881
21776.3425714 0.99782787207
21777.5390901 0.996497185888
21778.7356746 0.983636458755
21779.9323248 0.957198392669
21781.1290408 0.918808474473
21782.3258225 0.878810680108
21783.5226699 0.873463587756
21784.7195832 0.920445481513
21785.9165622 0.978515891091
21787.1136069 1.0005374183
21788.3107175 0.99633883338
21789.5078938 0.994375532232
21790.7051359 1.00067372662
21791.9024438 1.00843137802
21793.0998174 1.01334333336
21794.2972569 1.01368288637
21795.4947621 1.00969303474
21796.6923331 1.00587111281
21797.88997 1.00771774981
21799.0876726 1.01452326944
21800.2854411 1.01908003761
21801.4832753 1.01793540995
21802.6811754 1.0137967489
21803.8791413 1.01152612088
21805.077173 1.01087995412
21806.2752706 1.01188646976
21807.473434 1.01621019597
21808.6716632 1.01647191145
21809.8699582 1.01039610334
21811.0683191 1.00716065622
21812.2667458 1.00763106653
21813.4652384 1.00955587502
21814.6637968 1.01098696931
21815.8624211 1.00464332714
21817.0611113 0.989513608573
21818.2598673 0.976207440615
21819.4586891 0.977271779578
21820.6575769 0.991770750693
21821.8565305 1.00291177082
21823.05555 1.00499977826
21824.2546353 1.00407674007
21825.4537866 1.00930331586
21826.6530037 1.02584560888
21827.8522868 1.02824468758
21829.0516357 1.01463015686
21830.2510505 1.00228736059
21831.4505312 0.992920692885
21832.6500779 0.992692926207
21833.8496904 1.0017680252
21835.0493689 1.00710002772
21836.2491132 1.00473289983
21837.4489235 0.996789910766
21838.6487997 0.994219693286
21839.8487419 1.00530860433
21841.04875 1.01815524888
21842.248824 1.02955817004
21843.4489639 1.02710311919
21844.6491698 1.0134898794
21845.8494416 1.00493599779
21847.0497794 1.00087456161
21848.2501831 1.00177077173
21849.4506528 1.00277841469
21850.6511885 1.00167863247
21851.8517901 1.00202523433
21853.0524577 0.999314578947
21854.2531912 0.987581026395
21855.4539907 0.977536354276
21856.6548562 0.978513287525
21857.8557877 0.985025648178
21859.0567852 0.990778770081
21860.2578487 0.995544271895
21861.4589781 1.00077281205
21862.6601736 1.00649848945
21863.861435 1.0123811888
21865.0627625 1.01300858971
21866.2641559 1.00632241638
21867.4656154 0.997568913876
21868.6671409 0.990068689353
21869.8687324 0.991340369326
21871.0703899 0.998978300706
21872.2721134 1.00006371193
21873.473903 0.995975558521
21874.6757586 0.998061456277
21875.8776803 1.00166757677
21877.0796679 0.992021027081
21878.2817217 0.974209628844
21879.4838414 0.962933568342
21880.6860273 0.964658824612
21881.8882791 0.972840032256
21883.0905971 0.978816316422
21884.2929811 0.981879442474
21885.4954311 0.984243075285
21886.6979473 0.986483847247
21887.9005295 0.987901598532
21889.1031778 0.989113332478
21890.3058921 0.988976698658
21891.5086726 0.985537819304
21892.7115191 0.977736088704
21893.9144317 0.961821484398
21895.1174104 0.928999849248
21896.3204552 0.883953498942
21897.5235661 0.86559606918
21898.7267432 0.899142227453
21899.9299863 0.951470715915
21901.1332955 0.992470994356
21902.3366709 1.01872670994
21903.5401124 1.02774161479
21904.74362 1.01915198123
21905.9471937 1.00477601583
21907.1508335 0.99987151214
21908.3545395 1.0022398627
21909.5583116 1.00750228379
21910.7621499 1.01112273641
21911.9660543 1.0062519653
21913.1700249 0.997269133025
21914.3740616 0.997166389326
21915.5781645 1.00888971726
21916.7823335 1.01736500447
21917.9865687 1.01319016778
21919.1908701 1.00152003334
21920.3952376 0.991814492076
21921.5996713 0.986729960948
21922.8041712 0.981701272369
21924.0087372 0.975714027693
21925.2133695 0.972252451192
21926.4180679 0.974032155791
21927.6228325 0.979709300524
21928.8276634 0.987483861414
21930.0325604 0.991614088585
21931.2375236 0.992011620945
21932.442553 0.990690106062
21933.6476487 0.988449371858
21934.8528105 0.98718357321
21936.0580386 0.987155673658
21937.2633329 0.986946403223
21938.4686934 0.993061649457
21939.6741202 1.00537901162
21940.8796132 1.00595115884
21942.0851724 1.00117546821
21943.2907979 1.00276108018
21944.4964896 1.00379631528
21945.7022475 1.00164847533
21946.9080717 1.00069033602
21948.1139622 1.00155324062
21949.3199189 1.00074951835
21950.5259418 0.997433122378
21951.7320311 0.99781348493
21952.9381866 1.00255280008
21954.1444084 1.00577013455
21955.3506964 1.00487418839
21956.5570507 1.00033054422
21957.7634714 1.00030380276
21958.9699583 1.00829723096
21960.1765115 1.01465261325
21961.3831309 1.01093007698
21962.5898167 1.00140229844
21963.7965688 0.994949568391
21965.0033872 0.994550129007
21966.2102719 0.996392441939
21967.4172229 0.99205939795
21968.6242402 0.986215987611
21969.8313239 0.990545539877
21971.0384739 0.998844753635
21972.2456902 0.993419854986
21973.4529728 0.973567339814
21974.6603218 0.971469772776
21975.8677371 1.00541477406
21977.0752187 1.03348114462
21978.2827667 1.02995253083
21979.490381 1.01755554623
21980.6980617 1.00678357123
21981.9058088 1.0015957217
21983.1136222 1.00125690728
21984.3215019 1.00032345034
21985.5294481 1.00028678506
21986.7374606 0.998141852844
21987.9455395 0.991820151068
21989.1536847 0.990250783415
21990.3618964 0.996164969038
21991.5701744 1.00588756651
21992.7785188 1.01522436326
21993.9869296 1.01694676366
21995.1954068 1.00980242152
21996.4039504 1.00413257584
21997.6125604 1.0053043942
21998.8212368 1.01157390578
22000.0299796 1.02140556543
22001.2387889 1.02065534193
22002.4476645 0.992563995729
22003.6566066 0.952524496632
22004.8656151 0.936245370719
22006.0746901 0.953388488715
22007.2838314 0.985722650661
22008.4930392 1.01145261262
22009.7023135 1.02139521095
22010.9116542 1.01990041276
22012.1210613 1.01312430579
22013.3305349 1.00434165446
22014.5400749 0.995663288421
22015.7496814 0.995779895377
22016.9593544 1.00878005422
22018.1690938 1.02408451547
22019.3788997 1.02896400176
22020.588772 1.01973488986
22021.7987109 1.00640293634
22023.0087162 0.996670851502
22024.218788 0.98921140143
22025.4289263 0.989524344548
22026.6391311 0.993899881708
22027.8494024 0.99288748488
22029.0597402 0.989854132388
22030.2701444 0.994788618383
22031.4806152 1.0024623486
22032.6911525 1.00609713559
22033.9017563 1.01371787841
22035.1124266 1.01976754295
22036.3231635 1.01711187049
22037.5339669 1.00958697792
22038.7448368 1.00644941877
22039.9557732 1.00705920842
22041.1667762 1.00730585351
22042.3778457 1.02033459471
22043.5889817 1.0238814212
22044.8001843 1.00431986317
22046.0114534 0.986297552064
22047.2227891 0.977624155727
22048.4341914 0.968171897168
22049.6456602 0.95386903144
22050.8571956 0.929353164863
22052.0687975 0.897623331612
22053.280466 0.866700574092
22054.4922011 0.819024498323
22055.7040028 0.760469915028
22056.915871 0.745332504271
22058.1278059 0.794805965756
22059.3398073 0.863459400006
22060.5518753 0.911502098653
22061.7640099 0.929901040147
22062.9762111 0.927692254331
22064.188479 0.925710279092
22065.4008134 0.938665599338
22066.6132144 0.964066592753
22067.8256821 0.980860903114
22069.0382164 0.989748720064
22070.2508173 1.00018567201
22071.4634848 1.00422865236
22072.676219 1.00334820882
22073.8890197 0.999408352869
22075.1018872 0.99061142166
22076.3148212 0.980762543032
22077.527822 0.974082830171
22078.7408893 0.967057245596
22079.9540233 0.94531626856
22081.167224 0.896229255746
22082.3804913 0.82985053021
22083.5938253 0.789465647307
22084.807226 0.812652981308
22086.0206933 0.879189530548
22087.2342273 0.937984331603
22088.447828 0.966552849357
22089.6614954 0.975772223117
22090.8752294 0.981213791421
22092.0890301 0.988466923175
22093.3028976 0.995378519328
22094.5168317 0.998376069023
22095.7308325 0.995674799756
22096.9449 0.994675952415
22098.1590343 1.00070977247
22099.3732352 1.00141664704
22100.5875029 0.996281347075
22101.8018373 0.995194569538
22103.0162384 0.999312622295
22104.2307062 1.00421117214
22105.4452407 1.0033397202
22106.659842 0.994695515702
22107.87451 0.990158925955
22109.0892448 0.994224242756
22110.3040463 0.995089134765
22111.5189146 0.990882829437
22112.7338496 0.99119367042
22113.9488513 1.00112492615
22115.1639198 1.01234249824
22116.3790551 1.01809020686
22117.5942572 1.02240320924
22118.809526 1.02646755359
22120.0248616 1.01912186891
22121.2402639 1.00376642678
22122.4557331 0.997639753808
22123.671269 0.998472931988
22124.8868717 0.995896298828
22126.1025412 0.989395610676
22127.3182775 0.98764805042
22128.5340806 0.994790129295
22129.7499505 1.00201942932
22130.9658872 1.00370560464
22132.1818908 1.00155642809
22133.3979611 0.999447008544
22134.6140982 1.00063265959
22135.8303022 1.00555239755
22137.046573 1.0090377311
22138.2629106 1.00674891209
22139.4793151 1.00231470174
22140.6957864 1.00347394842
22141.9123245 1.00943218981
22143.1289295 1.00960715467
22144.3456013 1.00536968218
22145.56234 1.004343133
22146.7791455 1.00400085937
22147.9960179 1.00205717694
22149.2129571 0.997631857153
22150.4299632 0.99317811332
22151.6470362 0.994601514759
22152.864176 1.00778831229
22154.0813828 1.02159218145
22155.2986564 1.02188956372
22156.5159968 1.01059478666
22157.7334042 1.00153292012
22158.9508785 1.00667486802
22160.1684196 1.01214659786
22161.3860277 1.0022481821
22162.6037026 0.992886963387
22163.8214445 0.995925432609
22165.0392533 0.996306248478
22166.257129 0.989110934157
22167.4750715 0.987151992098
22168.6930811 0.994660264906
22169.9111575 1.00185124416
22171.1293009 1.00159026574
22172.3475112 1.00224810464
22173.5657884 1.00715576154
22174.7841326 1.00651628614
22176.0025437 1.00215450627
22177.2210218 1.00302640337
22178.4395668 1.0107709141
22179.6581787 1.01652024699
22180.8768577 1.01512890883
22182.0956035 1.00861728911
22183.3144164 0.99936105051
22184.5332962 0.995690288789
22185.752243 0.997453202689
22186.9712567 0.996967428724
22188.1903375 0.995942915515
22189.4094852 0.99949716006
22190.6286999 1.00516440313
22191.8479816 1.00604557444
22193.0673303 1.00299854008
22194.286746 1.00307052923
22195.5062287 1.00282348988
22196.7257783 0.999368003784
22197.945395 1.00236814771
22199.1650788 1.011999846
22200.3848295 1.01643208732
22201.6046472 1.01289843012
22202.824532 1.00622436751
22204.0444838 0.999945773626
22205.2645026 0.991802072718
22206.4845885 0.980649961064
22207.7047414 0.973504807331
22208.9249613 0.964882250968
22210.1452483 0.946280872731
22211.3656023 0.930508980461
22212.5860234 0.940255698686
22213.8065116 0.970784651118
22215.0270668 0.994099488496
22216.247689 0.997154328263
22217.4683784 0.996123310095
22218.6891348 1.00375240463
22219.9099583 1.01459696691
22221.1308488 1.02097374744
22222.3518064 1.02212444177
22223.5728312 1.02014579827
22224.793923 1.01600326912
22226.0150819 1.01411264091
22227.2363079 1.0144454789
22228.457601 1.00867237619
22229.6789612 0.989453529227
22230.9003885 0.95273903975
22232.1218829 0.917540711857
22233.3434445 0.914720263119
22234.5650731 0.947408514497
22235.7867689 0.987208659435
22237.0085318 1.01077770732
22238.2303619 1.01853035455
22239.452259 1.01852758501
22240.6742233 1.01965264921
22241.8962548 1.02279220779
22243.1183534 1.02236508267
22244.3405191 1.01839207002
22245.562752 1.00959491099
22246.7850521 0.99964432515
22248.0074193 1.00313362654
22249.2298537 1.01654871334
22250.4523552 1.02340591641
22251.6749239 1.02362396657
22252.8975598 1.01980322769
22254.1202629 1.00887066779
22255.3430331 0.985988837361
22256.5658705 0.958735893628
22257.7887751 0.943965657904
22259.011747 0.944526231585
22260.234786 0.956755887309
22261.4578922 0.974409484279
22262.6810656 0.985815566805
22263.9043062 0.987975571985
22265.127614 0.989911863372
22266.3509891 0.983670948592
22267.5744313 0.972717884789
22268.7979408 0.971731556377
22270.0215175 0.979124733362
22271.2451615 0.979208568132
22272.4688726 0.956524855846
22273.692651 0.931960635996
22274.9164967 0.940772738567
22276.1404096 0.971782609192
22277.3643897 0.991046778242
22278.5884371 0.997061913072
22279.8125518 0.997982735252
22281.0367337 0.99435927773
22282.2609828 0.990126416419
22283.4852993 0.986016435886
22284.709683 0.984166374438
22285.934134 0.990848257184
22287.1586522 1.00204732575
22288.3832378 1.01016143371
22289.6078906 1.00929991484
22290.8326107 1.00417408459
22292.0573981 1.00206657185
22293.2822528 1.00292915534
22294.5071748 1.00193439043
22295.7321641 0.998454772305
22296.9572207 1.00008188378
22298.1823446 1.00126946213
22299.4075359 0.994347764994
22300.6327944 0.994689877475
22301.8581203 1.00667250271
22303.0835135 1.01298723491
22304.308974 1.01087778225
22305.5345019 1.00679370447
22306.7600971 0.999606654838
22307.9857596 0.986541431795
22309.2114895 0.978390894829
22310.4372868 0.97517424357
22311.6631514 0.974089497884
22312.8890833 0.983388044926
22314.1150826 0.995699731235
22315.3411493 0.999785199331
22316.5672833 1.00219248263
22317.7934847 1.00951019802
22319.0197535 1.01316571559
22320.2460896 1.01292806617
22321.4724931 1.00929509321
22322.698964 1.00018862781
22323.9255024 0.99583191063
22325.152108 1.00187983258
22326.3787811 1.00228898294
22327.6055216 0.992118983033
22328.8323295 0.989823160828
22330.0592048 0.999643449886
22331.2861475 1.00095417552
22332.5131577 0.996119297612
22333.7402352 0.997599930023
22334.9673802 1.00075686015
22336.1945926 1.00287750817
22337.4218724 1.00437035079
22338.6492196 1.00234519412
22339.8766343 0.997068156391
22341.1041165 0.988670428727
22342.331666 0.982174205951
22343.5592831 0.985693541939
22344.7869675 0.994881035064
22346.0147195 0.999545201037
22347.2425389 0.997879063944
22348.4704257 0.994755704489
22349.69838 0.995712805384
22350.9264018 0.99736932129
22352.1544911 0.996048575836
22353.3826478 0.999502354455
22354.610872 1.00422995908
22355.8391637 0.999584507862
22357.0675229 0.992408913722
22358.2959496 0.991222981536
22359.5244438 0.997262616424
22360.7530055 1.00394105765
22361.9816347 1.01002202508
22363.2103314 1.0117428723
22364.4390956 1.00760377506
22365.6679273 1.00426908909
22366.8968265 1.00431232166
22368.1257933 1.00760220471
22369.3548276 1.00982181194
22370.5839294 1.00669266042
22371.8130987 1.00351472522
22373.0423356 1.00414240347
22374.27164 1.0029274112
22375.501012 0.999267588959
22376.7304515 0.996157537136
22377.9599586 0.986906280316
22379.1895332 0.961636521539
22380.4191754 0.934348122135
22381.6488851 0.935726254865
22382.8786624 0.959313670902
22384.1085073 0.976666777142
22385.3384198 0.985827753383
22386.5683998 0.997332888138
22387.7984474 1.00797688864
22389.0285626 1.01055486874
22390.2587454 1.00977070181
22391.4889958 1.00343567838
22392.7193138 0.986787230833
22393.9496993 0.974558094717
22406.2469684 1.00743920908
22407.4780977 1.00133989767
22408.7092948 0.999182830199
22409.9405595 1.00381917148
22411.1718918 1.00508525208
22412.4032918 0.997764080109
22413.6347594 0.993194129549
22414.8662947 0.991623347467
22416.0978977 0.990072122792
22417.3295683 0.995267213715
22418.5613066 0.99796524899
22419.7931126 0.990497169195
22421.0249863 0.983603710746
22422.2569277 0.988505895566
22423.4889367 0.99999554401
22424.7210135 1.00259320827
22425.9531579 0.998739079252
22427.18537 0.999830302254
22428.4176499 0.999257117283
22429.6499974 0.994023414519
22430.8824127 0.992885385738
22432.1148957 0.997359053837
22433.3474464 1.00541356767
22434.5800648 1.00710805889
22435.8127509 1.00023799446
22437.0455048 0.997431935678
22438.2783264 0.997650076579
22439.5112158 0.998651030558
22440.7441729 0.991210893225
22441.9771977 0.974220767281
22443.2102903 0.961696586996
22444.4434506 0.962740499832
22445.6766787 0.976580282598
22446.9099745 0.99592378071
22448.1433382 1.01046469739
22449.3767695 1.01557279069
22450.6102687 1.01056581377
22451.8438356 0.999958886581
22453.0774703 0.993324122815
22454.3111728 0.991400899184
22455.5449431 0.995041575611
22456.7787811 1.00263633843
22458.012687 1.00368477496
22459.2466606 0.999079482237
22460.4807021 0.993189970759
22461.7148114 0.990795715106
22462.9489884 0.987881857234
22464.1832333 0.989779578638
22465.417546 1.00608355056
22466.6519265 1.01472469307
22467.8863748 1.00657592727
22469.120891 0.998101470979
22470.355475 0.985567445867
22471.5901268 0.960071178577
22472.8248465 0.940442181376
22474.059634 0.948868238343
22475.2944893 0.972838819318
22476.5294125 0.984844249044
22477.7644036 0.984010394422
22478.9994625 0.988888560162
22480.2345893 0.999171161139
22481.4697839 1.00691712782
22482.7050464 1.00943763899
22483.9403768 1.00771496712
22485.175775 1.00587020705
22486.4112412 1.00247413462
22487.6467752 0.996330747185
22488.8823771 0.994468858234
22490.1180469 1.0003257266
22491.3537846 1.00470497249
22492.5895901 1.00162695844
22493.8254636 0.996138295263
22495.061405 0.993146984243
22496.2974143 0.991495123074
22497.5334915 0.988356479369
22498.7696366 0.993476504559
22500.0058497 1.00277353358
22501.2421307 1.00420795802
22502.4784795 1.00171775626
22503.7148964 1.00134530912
22504.9513811 1.00535774289
22506.1879338 1.01242771506
22507.4245545 1.02265652592
22508.6612431 1.03322165968
22509.8979996 1.03725612048
22511.1348241 1.03089194637
22512.3717166 1.02235595541
22513.608677 1.01718181456
22514.8457053 1.01575528322
22516.0828017 1.01154917548
22517.319966 1.00636944575
22518.5571983 1.00525612476
22519.7944986 1.00170792313
22521.0318668 0.989611058088
22522.2693031 0.976063777863
22523.5068073 0.981433992226
22524.7443795 0.994215829023
22525.9820198 0.997095525448
22527.219728 0.999875837033
22528.4575042 1.00466579077
22529.6953485 1.00783465738
22530.9332607 1.00484514413
22532.171241 0.999456155997
22533.4092893 1.00421328879
22534.6474056 1.00229287408
22535.88559 0.979681289252
22537.1238424 0.967196901397
22538.3621628 0.976569229097
22539.6005513 0.993287714777
22540.8390078 1.00266119229
22542.0775323 0.999785413886
22543.3161249 0.996016406404
22544.5547856 0.997790445261
22545.7935143 1.00074625742
22547.0323111 1.00326373549
22548.2711759 1.01009159061
22549.5101088 1.01247244271
22550.7491098 1.00418031089
22551.9881788 0.999681439755
22553.227316 1.00585069088
22554.4665212 1.00962262544
22555.7057945 1.01097163548
22556.9451359 1.00921563041
22558.1845454 1.0042300229
22559.424023 1.01016105655
22560.6635687 1.02025931883
22561.9031825 1.02035615068
22563.1428645 1.02452971497
22564.3826145 1.02960253358
22565.6224327 1.02529128413
22566.8623189 1.01804603946
22568.1022733 1.01013107611
22569.3422959 1.00319063892
22570.5823865 0.996386755536
22571.8225453 0.991115662057
22573.0627723 0.994537485645
22574.3030674 1.00234929979
22575.5434306 1.00651890582
22576.783862 1.00924842909
22578.0243615 1.01284905106
22579.2649292 1.01155232325
22580.5055651 1.01023977188
22581.7462691 1.01285569431
22582.9870413 1.01589334657
22584.2278817 1.01733612238
22585.4687902 1.01329490947
22586.709767 1.0037308286
22587.9508119 0.995776185325
22589.191925 0.991561517573
22590.4331063 0.992865381319
22591.6743558 0.999789442908
22592.9156735 1.00179304388
22594.1570594 0.991708160482
22595.3985135 0.985899761164
22596.6400358 0.994244620242
22597.8816264 1.0020010144
22599.1232851 1.00249239027
22600.3650121 0.998818247173
22601.6068073 0.990855477651
22602.8486708 0.990462412425
22604.0906024 0.992685019711
22605.3326024 0.957484765125
22606.5746705 0.893370305713
22607.8168069 0.848332474205
22609.0590116 0.871976759109
22610.3012845 0.950742862003
22611.5436256 0.992232304445
22612.786035 0.981058364191
22614.0285127 0.953777559482
22615.2710587 0.916401620003
22616.5136729 0.888135986589
22617.7563554 0.888486425326
22618.9991062 0.895228532643
22620.2419252 0.893874024487
22621.4848126 0.894285937803
22622.7277682 0.880229356635
22623.9707921 0.842284571542
22625.2138844 0.813522813033
22626.4570449 0.832246598988
22627.7002737 0.899677260483
22628.9435709 0.962215584951
22630.1869363 0.98995534688
22631.4303701 1.00007449335
22632.6738722 0.99822956307
22633.9174426 0.994858173806
22635.1610814 0.995977072023
22636.4047885 0.998060155505
22637.6485639 0.98919581902
22638.8924076 0.985331965407
22640.1363197 1.01421172826
22641.3803002 1.03831636264
22642.624349 1.02954040036
22643.8684661 1.00927476527
22645.1126516 0.992543951356
22646.3569055 0.974841441628
22647.6012277 0.947929891334
22648.8456183 0.901446672673
22650.0900773 0.844405487928
22651.3346047 0.81586699549
22652.5792004 0.836291255729
22653.8238645 0.88583813312
22655.068597 0.933816981397
22656.3133979 0.963021933023
22657.5582672 0.978338014673
22658.8032049 0.988348833899
22660.048211 0.992042103144
22661.2932855 0.993176771709
22662.5384284 0.996614162525
22663.7836398 0.992207678117
22665.0289195 0.971756761148
22666.2742677 0.958615968947
22667.5196843 0.968715274694
22668.7651693 0.981236229179
22670.0107228 0.981310989826
22671.2563447 0.982225299146
22672.502035 0.981923191251
22673.7477938 0.981785148722
22674.993621 0.998464424681
22676.2395167 0.994803067787
22677.4854808 0.967881248387
22678.7315134 0.979031931574
22679.9776145 0.990154844076
22681.223784 0.956032249254
22682.470022 0.945251618279
22683.7163285 0.97487385252
22684.9627034 0.995865768566
22686.2091469 0.998769339592
22687.4556588 0.995642694884
22688.7022392 0.991237024455
22689.9488881 0.988035077656
22691.1956055 0.988521457227
22692.4423914 0.987977504286
22693.6892458 0.974138458258
22694.9361687 0.954646544577
22696.1831601 0.975638217327
22697.4302201 1.02248618908
22698.6773486 1.02829019181
22699.9245455 1.00473723855
22701.171811 0.986930274062
22702.4191451 0.982872229762
22703.6665477 0.990810908449
22704.9140188 0.992855861125
22706.1615584 0.982846681323
22707.4091667 0.97766514234
22708.6568434 0.982797988023
22709.9045887 0.983486549348
22711.1524026 0.976151978212
22712.400285 0.966224244923
22713.648236 0.955205012212
22714.8962556 0.944236661974
22716.1443437 0.957590757214
22717.3925004 0.956543244155
22718.6407257 0.742433841311
22719.8890196 0.51183644638
22721.137382 0.76018225328
22722.3858131 1.00989582446
22723.6343127 1.02087676929
22724.882881 1.0206712202
22726.1315178 1.02916389859
22727.3802233 1.05236234516
22728.6289974 1.06043855208
22729.87784 1.0315210639
22731.1267513 1.00843334502
22732.3757313 1.01662346553
22733.6247798 1.03762032243
22734.873897 1.05751738165
22736.1230828 1.076039167
22737.3723372 1.06534879245
22738.6216603 1.02326859844
22739.871052 0.968161780585
22741.1205124 0.910950987255
22742.3700414 0.890996571323
22743.6196391 0.928198916589
22744.8693055 0.993847266681
22746.1190405 1.06214317054
22747.3688441 1.076832026
22748.6187165 1.02866269211
22749.8686575 0.982246378853
22751.1186672 0.953144293662
22752.3687456 0.927725039854
22753.6188926 0.917048168501
22754.8691084 0.946846900699
22756.1193928 0.99895766544
22757.369746 1.02645436673
22758.6201678 0.9951183881
22759.8706584 0.961029285961
22761.1212176 0.97285030889
22762.3718456 0.999024914621
22763.6225423 1.02267564451
22764.8733077 1.02592420262
22766.1241418 0.988787886018
22767.3750446 0.965957519674
22768.6260162 0.979409410223
22769.8770565 0.991205995672
22771.1281656 0.995076430394
22772.3793434 1.00459226297
22773.6305899 1.01765417185
22774.8819052 1.02705889879
22776.1332893 1.02834143805
22777.3847421 1.02041787043
22778.6362637 1.00269533416
22779.887854 0.981578225623
22781.1395131 0.967484681614
22782.391241 0.96991141053
22783.6430376 0.983479486507
22784.894903 0.990113394423
22786.1468373 0.990626240482
22787.3988403 0.993140736361
22788.6509121 0.99457794684
22789.9030526 0.996926613578
22791.155262 0.9998390938
22792.4075402 0.999254689009
22793.6598872 1.00208909067
22794.912303 1.00515636577
22796.1647876 0.999720175657
22797.4173411 1.00444865901
22798.6699633 1.02539480785
22799.9226544 1.03775425372
22801.1754143 1.00833250651
22802.4282431 0.948445939914
22803.6811407 0.928686787502
22804.9341071 0.946535141815
22806.1871424 0.956090318128
22807.4402465 0.943802437098
22808.6934194 0.929777906844
22809.9466613 0.932757871484
22811.199972 0.950177700185
22812.4533515 0.97074419568
22813.7067999 0.986598450404
22814.9603172 0.993027352002
22816.2139034 0.992094967368
22817.4675584 0.990661546376
22818.7212823 0.988653585613
22819.9750751 0.96737864434
22821.2289368 0.915232198796
22822.4828674 0.88434829791
22823.7368669 0.906274808566
22824.9909353 0.9423676907
22826.2450726 0.962482177276
22827.4992788 0.975134044858
22828.7535539 0.995677948374
22830.0078979 1.0184800255
22831.2623109 1.03701196687
22832.5167927 1.0285296587
22833.7713435 0.987774204295
22835.0259633 0.970366347008
22836.2806519 0.986338032483
22837.5354095 0.997807655453
22838.7902361 0.996796099475
22840.0451316 0.998650145077
22841.300096 1.00482574384
22842.5551294 1.00783366119
22843.8102318 1.01435360634
22845.0654031 1.02774557627
22846.3206434 1.02428521116
22847.5759527 1.00131958306
22848.8313309 0.99523226084
22850.0867781 1.00132910709
22851.3422943 1.00084330592
22852.5978794 1.0021627487
22853.8535336 1.00683299194
22855.1092567 1.00964263054
22856.3650489 1.01194504121
22857.62091 1.01090076476
22858.8768402 1.00486148794
22860.1328393 0.999607729247
22861.3889075 0.999144309813
22862.6450447 1.00147353856
22863.9012509 1.00898266132
22865.1575261 1.01674746372
22866.4138704 1.01842991072
22867.6702836 1.02180177314
22868.9267659 1.02371161989
22870.1833173 1.0153402026
22871.4399377 1.00801570406
22872.6966271 1.00898719147
22873.9533856 1.00642288918
22875.2102131 1.00304696072
22876.4671097 1.00859354516
22877.7240754 1.01363067437
22878.9811101 1.01180481995
22880.2382139 1.00950707766
22881.4953867 1.00703647375
22882.7526287 1.0057631504
22884.0099397 1.00952753707
22885.2673198 1.01144164807
22886.524769 1.00480492707
22887.7822872 0.989881047946
22889.0398746 0.975966824148
22890.2975311 0.979311316659
22891.5552566 1.00131096663
22892.8130513 1.01329538233
22894.0709151 1.00792447739
22895.328848 1.00259476931
22896.58685 1.00083122451
22897.8449211 1.00368330099
22899.1030614 1.00801799911
22900.3612708 1.00712813993
22901.6195493 0.990227602377
22902.8778969 0.967898808288
22904.1363137 0.967662975422
22905.3947997 0.988743534154
22906.6533548 1.00239194312
22907.911979 1.0054652418
22909.1706724 1.0083239161
22910.429435 1.00000055911
22911.6882667 0.989302475459
22912.9471676 0.990510707837
22914.2061376 0.996203431886
22915.4651768 1.00177570915
22916.7242852 1.00820581619
22917.9834628 1.00897017127
22919.2427096 0.999037452133
22920.5020256 0.991751815276
22921.7614107 0.994037973939
22923.0208651 0.99305325079
22924.2803886 0.984982877048
22925.5399814 0.984114641281
22926.7996433 0.975412802661
22928.0593745 0.917687244687
22929.3191749 0.829373581082
22930.5790445 0.783488931404
22931.8389834 0.789879507079
22933.0989914 0.808575499071
22934.3590687 0.825614785373
22935.6192152 0.840213788642
22936.879431 0.850634089314
22938.139716 0.864579888953
22939.4000703 0.875586469348
22940.6604938 0.880055892371
22941.9209866 0.888330565757
22943.1815486 0.886064619763
22944.4421799 0.887542626502
22945.7028804 0.891720957153
22946.9636502 0.883296498712
22948.2244893 0.886295941267
22949.4853977 0.896134571171
22950.7463753 0.891469764963
22952.0074223 0.891602212401
22953.2685385 0.91055358976
22954.529724 0.910944340034
22955.7909788 0.88936590889
22957.0523029 0.890432580168
22958.3136963 0.907875922187
22959.575159 0.902807347688
22960.8366911 0.879807734051
22962.0982924 0.86867149692
22963.3599631 0.872156522902
22964.6217031 0.878646029174
22965.8835124 0.885284509939
22967.145391 0.908093950784
22968.407339 0.950781147107
22969.6693563 0.981805198198
22970.931443 0.972254010681
22972.193599 0.949418945476
22973.4558243 0.944461869411
22974.718119 0.946522412397
22975.9804831 0.93922253892
22977.2429165 0.917428482614
22978.5054193 0.91219187357
22979.7679914 0.932613458201
22981.030633 0.959731253814
22982.2933439 0.968224928373
22983.5561241 0.934830184715
22984.8189738 0.88981039949
22986.0818929 0.89191642679
22987.3448813 0.936399657933
22988.6079391 0.962700448451
22989.8710664 0.947201344395
22991.134263 0.91265200074
22992.3975291 0.907165941179
22993.6608645 0.934939104587
22994.9242694 0.957948581571
22996.1877437 0.958402959511
22997.4512874 0.932744393535
22998.7149005 0.91352322766
22999.9785831 0.940426794196
23001.2423351 0.988607893392
23002.5061565 1.01808007437
23003.7700474 1.01480621993
23005.0340077 0.977466348431
23006.2980375 0.929212065693
23007.5621367 0.917045740485
23008.8263054 0.939435133079
23010.0905435 0.966277667202
23011.3548511 0.983279659588
23012.6192282 0.976280798672
23013.8836747 0.951812658323
23015.1481907 0.941276496511
23016.4127762 0.956971419406
23017.6774312 0.975378332503
23018.9421557 0.984099173668
23020.2069496 0.985603924095
23021.4718131 0.967834170109
23022.736746 0.93388438832
23024.0017485 0.917980215053
23025.2668204 0.932397553555
23026.5319619 0.946102838962
23027.7971729 0.936847135272
23029.0624533 0.912246189718
23030.3278034 0.897634532323
23031.5932229 0.900230968512
23032.858712 0.903759244531
23034.1242706 0.90981331395
23035.3898987 0.903385491217
23036.6555964 0.889681252368
23037.9213636 0.906435928694
23039.1872004 0.935173433004
23040.4531067 0.93562664694
23041.7190826 0.925337255535
23042.985128 0.932279442192
23044.251243 0.943929465602
23045.5174275 0.941012927718
23046.7836817 0.933208241864
23048.0500054 0.94057254573
23049.3163987 0.944332725571
23050.5828615 0.923275787804
23051.849394 0.898865198248
23053.115996 0.904876017434
23054.3826677 0.933127635223
23055.6494089 0.953661787672
23056.9162197 0.944913488068
23058.1831002 0.924029895121
23059.4500502 0.916742775675
23060.7170699 0.914668864613
23061.9841592 0.919226382233
23063.2513181 0.941310485572
23064.5185466 0.9673933115
23065.7858447 0.980139113093
23067.0532125 0.99335953642
23068.3206499 1.01101477774
23069.588157 1.00540471
23070.8557337 0.983351197329
23072.12338 0.967421000527
23073.391096 0.966749174348
23074.6588817 0.97368253748
23075.926737 0.98863028859
23077.194662 0.996741368849
23078.4626566 0.98598495556
23079.7307209 0.966279795943
23080.9988549 0.938545379854
23082.2670586 0.907783728048
23083.5353319 0.898708998363
23084.8036749 0.920433371469
23086.0720876 0.960028708281
23087.3405701 0.987804988033
23088.6091222 0.987517831497
23089.877744 0.978280521571
23091.1464355 0.971793208302
23092.4151967 0.964007060747
23093.6840276 0.945828802177
23094.9529283 0.938784883344
23096.2218987 0.952727901444
23097.4909388 0.965866385015
23098.7600486 0.973626196883
23100.0292281 0.983121335413
23101.2984774 0.992272330309
23102.5677964 0.990762594678
23103.8371852 0.970727889483
23105.1066437 0.937268535738
23106.376172 0.923998907614
23107.64577 0.944406217224
23108.9154378 0.971329338231
23110.1851753 0.995512961863
23111.4549826 1.01870860185
23112.7248597 1.03734439513
23113.9948065 1.04850774571
23115.2648232 1.03066593099
23116.5349096 0.982413491067
23117.8050658 0.946831201271
23119.0752918 0.948614217518
23120.3455875 0.965723227765
23121.6159531 0.974687125016
23122.8863885 0.979883075078
23124.1568936 0.986847593599
23125.4274686 0.991014617059
23126.6981134 0.991935003983
23127.968828 0.989489675993
23129.2396125 0.974221106049
23130.5104667 0.953750741983
23131.7813908 0.951573897204
23133.0523847 0.958949048041
23134.3234484 0.964405060413
23135.594582 0.974374391234
23136.8657855 0.984048002348
23138.1370587 0.985325377971
23139.4084018 0.981183554263
23140.6798148 0.971953369776
23141.9512977 0.952040785371
23143.2228504 0.928878337653
23144.4944729 0.931348775867
23145.7661654 0.960424869017
23147.0379277 0.983348687801
23148.3097598 0.981095215396
23149.5816619 0.961816601478
23150.8536338 0.945486481541
23152.1256757 0.944788780548
23153.3977874 0.962439289878
23154.669969 0.97417765785
23155.9422206 0.952047072332
23157.214542 0.930226621076
23158.4869333 0.950599396069
23159.7593946 0.978544672144
23161.0319257 0.984434674149
23162.3045268 0.988095863178
23163.5771978 1.00243771135
23164.8499388 1.0250626592
23166.1227496 1.02804079545
23167.3956304 0.997905037106
23168.6685812 0.961586795785
23169.9416018 0.934019978376
23171.2146925 0.923376467963
23172.487853 0.940798660235
23173.7610836 0.965826964636
23175.0343841 0.981686673005
23176.3077545 0.989450679067
23177.5811949 0.999963516189
23178.8547053 1.0114389326
23180.1282857 1.01425867635
23181.401936 1.01317892429
23182.6756563 1.01053864375
23183.9494466 0.996305589249
23185.2233069 0.981973587027
23186.4972372 0.987847034633
23187.7712374 1.00924356489
23189.0453077 1.01898661649
23190.319448 1.01044446218
23191.5936583 1.00665762218
23192.8679386 1.01150862556
23194.1422889 1.01902989498
